1 2
2 3
3 4
4 5
5 6
6 7
7 8
8 9
9 10
10 11
11 12
12 13
13 14
14 15
15 16
16 17
17 18
1 2
2 3
3 4
4 5
5 6
6 7
7 8
8 9
9 10
10 11
11 12
12 13
13 14
14 15
15 16
16 17
17 18
18 19
19 20
20 21
21 22
22 23
1 2
2 43
3 56
4 61
5 71
6 81
7 91
8 96
9 96
10 96
11 96
12 96
13 99
14 96
15 107
16 106
17 116
18 106
19 96
20 101
21 98
22 108
23 115
24 97
25 107
26 108
27 102
28 113
29 106
30 105
31 116
32 113
33 123
34 131
35 132
36 120
37 117
38 134
39 122
40 131
41 115
42 114
43 121
44 121
45 131
46 118
47 125
48 112
49 116
50 111
51 108
52 111
53 104
54 111
55 111
56 111
57 106
58 104
59 103
60 101
61 95
62 101
63 99
64 102
65 101
66 101
67 98
68 93
69 101
70 101
71 101
72 105
73 100
74 101
75 101
76 95
77 91
78 101
79 101
80 99
81 91
82 101
83 104
84 109
85 109
86 101
87 95
88 104
89 100
90 93
91 101
92 95
93 95
94 101
95 101
96 101
97 91
98 101
99 95
100 101
101 95
102 97
103 95
104 95
105 91
106 99
107 101
108 101
109 95
110 105
111 105
112 105
113 104
114 105
115 111
116 111
117 105
118 105
119 105
120 101
121 105
122 105
123 121
124 141
125 176
126 296
127 383
128 513
129 513
130 513
131 513
132 513
133 513
134 513
135 513
136 513
137 513
138 513
139 513
140 513
141 513
142 513
143 513
144 513
145 513
146 513
147 513
148 513
149 513
150 513
151 513
152 513
153 513
154 513
155 513
156 513
157 513
158 513
159 513
160 513
161 511
162 513
163 513
164 446
165 513
166 486
167 513
168 432
169 443
170 513
171 513
172 513
173 513
174 513
175 513
176 417
177 513
178 513
179 513
180 509
181 513
182 513
183 513
184 513
185 513
186 513
187 513
188 513
189 513
190 513
191 513
192 450
193 513
194 513
195 513
196 513
197 494
198 513
199 477
200 513
201 513
202 507
203 513
204 513
205 505
206 513
207 513
208 513
209 513
210 513
211 513
212 511
213 513
214 499
215 513
216 460
217 513
218 513
219 489
220 513
221 513
222 513
223 513
224 513
225 513
226 513
227 513
228 513
229 513
230 513
231 513
232 513
233 513
234 513
235 481
236 446
237 476
238 466
239 513
240 513
241 513
242 513
243 513
244 513
245 513
246 513
247 513
248 513
249 513
250 513
251 490
252 513
253 449
254 513
255 513
256 513
257 513
258 430
259 513
260 425
261 416
262 347
263 513
264 513
265 513
266 451
267 513
268 470
269 453
270 513
271 464
272 513
273 513
274 513
275 513
276 513
277 513
278 513
279 513
280 507
281 513
282 513
283 513
284 513
285 513
286 513
287 513
288 513
289 513
290 513
291 436
292 513
293 427
294 513
295 397
296 513
297 513
298 513
299 508
300 499
301 467
302 457
303 481
304 513
305 513
306 513
307 456
308 408
309 460
310 513
311 513
312 513
313 513
314 513
315 513
316 513
317 513
318 513
319 513
320 513
321 513
322 513
323 513
324 513
325 513
326 513
327 513
328 513
329 513
330 513
331 513
332 513
333 513
334 513
335 513
336 513
337 513
338 513
339 513
340 513
341 513
342 513
343 513
344 513
345 513
346 513
347 513
348 513
349 513
350 513
351 513
352 513
353 513
354 513
355 513
356 513
357 499
358 513
359 513
360 513
361 513
362 513
363 513
364 513
365 513
366 513
367 513
368 513
369 513
370 513
371 513
372 513
373 513
374 513
375 513
376 513
377 513
378 513
379 513
380 513
381 513
382 513
383 513
384 513
385 513
386 513
387 513
388 513
389 513
390 513
391 513
392 513
393 513
394 513
395 513
396 513
397 513
398 513
399 513
400 513
401 513
402 513
403 513
404 513
405 513
406 513
407 513
408 513
409 513
410 513
411 513
412 513
413 513
414 513
415 513
416 513
417 513
418 513
419 513
420 513
421 513
422 513
423 513
424 513
425 513
426 513
427 513
428 513
429 513
430 513
431 513
432 513
433 513
434 513
435 513
436 513
437 513
438 513
439 513
440 513
441 513
442 513
443 513
444 513
445 513
446 513
447 513
448 513
449 513
450 513
451 513
452 513
453 513
454 513
455 513
456 513
457 513
458 513
459 513
460 513
461 513
462 513
463 513
464 513
465 513
466 506
467 513
468 513
469 513
470 513
471 513
472 513
473 513
474 513
475 513
476 513
477 513
478 513
479 513
480 513
481 513
482 513
483 513
484 513
485 513
486 486
487 513
488 513
489 513
490 513
491 513
492 513
493 513
494 513
495 513
496 513
497 513
498 513
499 513
500 513
501 513
502 513
503 513
504 513
505 513
506 513
507 513
508 513
509 513
510 513
511 513
512 513
513 513
514 513
515 513
516 513
517 513
518 513
519 513
520 513
521 513
522 513
523 513
524 513
525 513
526 513
527 513
528 513
529 513
530 513
531 513
532 513
533 513
534 513
535 513
536 513
537 513
538 513
539 513
540 513
541 513
542 513
543 513
544 513
545 513
546 513
547 513
548 513
549 513
550 513
551 513
552 513
553 513
554 513
555 513
556 513
557 513
558 513
559 513
560 513
561 513
562 513
563 513
564 513
565 513
566 513
567 513
568 513
569 513
570 513
571 513
572 513
573 513
574 513
575 513
576 513
577 513
578 513
579 513
580 513
581 513
582 513
583 513
584 513
585 513
586 513
587 513
588 513
589 513
590 513
591 513
592 513
593 513
594 513
595 513
596 513
597 513
598 513
599 513
600 513
601 513
602 513
603 513
604 513
605 513
606 513
607 513
608 513
609 513
610 513
611 513
612 513
613 513
614 513
615 513
616 513
617 513
618 513
619 513
620 513
621 513
622 513
623 513
624 580
625 626
626 640
627 579
628 567
629 569
630 601
631 634
632 513
633 513
634 656
635 530
636 785
637 628
638 818
639 644
640 792
641 885
642 1074
643 1359
644 837
645 912
646 965
647 1019
648 979
649 1765
650 100001 2
2 51
3 52
4 53
5 54
6 55
7 56
8 57
9 58
10 59
11 60
12 61
13 62
14 63
15 64
16 65
17 66
18 67
19 68
20 69
21 70
22 71
23 72
24 73
25 74
26 75
27 76
28 77
29 78
30 79
31 80
32 81
33 82
34 83
35 84
36 85
37 86
38 87
39 88
40 89
41 90
42 91
43 92
44 93
45 94
46 95
47 96
48 97
49 98
50 99
51 100
52 101
53 102
54 103
55 104
56 105
57 106
58 107
59 108
60 109
61 110
62 111
63 112
64 113
65 114
66 115
67 116
68 117
69 118
70 119
71 120
72 121
73 122
74 123
75 124
76 125
77 126
78 127
79 128
80 129
81 130
82 131
83 132
84 133
85 134
86 135
87 136
88 137
89 138
90 139
91 140
92 141
93 142
94 143
95 144
96 145
97 146
98 147
99 148
100 149
101 150
102 151
103 152
104 153
105 154
106 155
107 156
108 157
109 158
110 159
111 160
112 161
113 162
114 163
115 164
116 165
117 166
118 167
119 168
120 169
121 170
122 171
123 172
124 173
125 174
126 175
127 176
128 177
129 178
130 179
131 180
132 181
133 182
134 183
135 184
136 185
137 186
138 187
139 188
140 189
141 190
142 191
143 192
1 2
2 51
3 52
4 53
5 54
6 55
7 56
8 57
9 58
10 59
11 60
12 61
13 62
14 63
15 64
16 65
17 66
18 67
19 68
20 69
21 70
22 71
23 72
24 73
25 74
26 75
27 76
28 77
29 78
30 79
31 80
32 81
33 82
34 83
35 84
36 85
37 86
38 87
39 88
40 89
41 90
42 91
43 92
44 93
45 94
46 95
47 96
48 97
49 98
50 99
51 100
52 101
53 102
54 103
55 104
56 105
57 106
58 107
59 108
60 109
61 110
62 111
63 112
64 113
65 114
66 115
67 116
68 117
69 118
70 119
71 120
72 121
73 122
74 123
75 124
76 125
77 126
78 127
79 128
80 129
81 130
82 131
83 132
84 133
85 134
86 135
87 136
88 137
89 138
90 139
91 140
92 141
93 142
94 143
95 144
96 145
97 146
98 147
99 148
100 149
101 150
102 151
103 152
104 153
105 154
106 155
107 156
108 157
109 158
110 159
111 160
112 161
113 162
114 163
115 164
116 165
117 166
118 167
119 168
120 169
121 170
122 171
123 172
124 173
125 174
126 175
127 176
128 177
129 178
130 179
131 180
132 181
133 182
134 183
135 184
136 185
137 186
138 187
139 188
140 189
141 190
142 191
143 192
144 193
145 194
146 195
147 196
148 197
149 198
150 199
151 200
152 201
153 202
154 203
155 204
156 205
157 206
158 207
159 208
160 209
161 210
162 211
163 212
164 213
165 214
166 215
167 216
168 217
169 218
170 219
171 220
172 221
173 222
174 223
175 224
176 225
177 226
178 227
179 228
180 229
181 230
182 231
183 232
184 233
185 234
186 235
187 236
188 237
189 238
190 239
191 240
192 241
193 242
194 243
195 244
196 245
197 246
198 247
199 248
200 249
201 250
202 251
203 252
204 253
205 254
206 255
207 256
208 257
209 258
210 259
211 260
212 261
213 262
214 263
215 264
216 265
217 266
218 267
219 268
220 269
221 270
222 271
223 272
224 273
225 274
226 275
227 276
228 277
229 278
230 279
231 280
232 281
233 282
234 283
235 284
236 285
237 286
238 287
239 288
240 289
241 290
242 291
243 292
244 293
245 294
246 295
247 296
248 297
249 298
250 299
251 300
252 301
253 302
254 303
255 304
256 305
257 306
258 307
259 308
260 309
261 310
262 311
263 312
264 313
265 314
266 315
267 316
268 317
269 318
270 319
271 320
272 321
273 322
274 323
275 324
276 325
277 326
278 327
279 328
280 329
281 330
282 331
283 332
284 333
285 334
286 335
287 336
288 337
289 338
290 339
291 340
292 341
293 342
294 343
295 344
296 345
297 346
298 347
299 348
300 349
301 350
302 351
303 352
304 353
305 354
306 355
307 356
308 357
309 358
310 359
311 360
312 361
313 362
314 363
315 364
316 365
317 366
318 367
319 368
320 369
321 370
322 371
323 372
324 373
325 374
326 375
327 376
328 377
329 378
330 379
331 380
332 381
333 382
334 383
335 384
336 385
337 386
338 387
339 388
340 389
341 390
342 391
343 392
344 393
345 394
346 395
347 396
348 397
349 398
350 399
351 400
352 401
353 402
354 403
355 404
356 405
357 406
358 407
359 408
360 409
361 410
362 411
363 412
364 413
365 414
366 415
367 416
368 417
369 418
370 419
371 420
372 421
373 422
374 423
375 424
376 425
377 426
378 427
379 428
380 429
381 430
382 431
383 432
384 433
385 434
1 2
2 51
3 51
4 56
5 57
6 61
7 61
8 61
9 61
10 61
11 61
12 61
13 71
14 71
15 81
16 81
17 87
18 81
19 72
20 71
21 71
1 2
2 6
3 67
4 129
5 140
6 141
7 136
8 151
9 142
10 153
11 139
1 2
1 2
2 51
3 52
4 53
5 54
6 55
7 56
8 57
9 58
10 59
11 60
12 61
13 62
14 63
15 64
16 65
17 66
18 67
19 68
20 69
21 70
22 71
23 72
24 73
25 74
26 75
27 76
28 77
29 78
30 79
31 80
32 81
33 82
34 83
35 84
36 85
37 86
38 87
39 88
40 89
41 90
42 91
43 92
44 93
45 94
46 95
47 96
48 97
49 98
50 99
51 100
52 101
53 102
54 103
55 104
56 105
57 106
58 107
59 108
60 109
61 110
62 111
63 112
64 113
65 114
66 115
67 116
68 117
69 118
70 119
71 120
72 121
73 122
74 123
75 124
76 125
77 126
78 127
79 128
80 129
81 130
82 131
83 132
84 133
85 134
86 135
87 136
88 137
89 138
90 139
91 140
92 141
93 142
94 143
95 144
96 145
97 146
98 147
99 148
100 149
101 150
102 151
103 152
104 153
105 154
106 155
107 156
108 157
109 158
110 159
111 160
112 161
113 162
114 163
115 164
116 165
117 166
118 167
119 168
120 169
121 170
122 171
123 172
124 173
125 174
126 175
127 176
128 177
129 178
130 179
131 180
132 181
133 182
134 183
135 184
136 185
137 186
138 187
139 188
140 189
141 190
142 191
143 192
144 193
145 194
146 195
147 196
148 197
149 198
150 199
151 200
152 201
153 202
154 203
155 204
156 205
157 206
158 207
159 208
160 209
161 210
162 211
163 212
164 213
165 214
166 215
167 216
168 217
169 218
170 219
171 220
172 221
173 222
174 223
175 224
176 225
177 226
178 227
179 228
180 229
181 230
182 231
183 232
184 233
185 234
186 235
187 236
188 237
189 238
190 239
191 240
192 241
193 242
194 243
195 244
196 245
197 246
198 247
199 248
200 249
201 250
202 251
203 252
204 253
205 254
206 255
207 256
208 257
209 258
210 259
211 260
212 261
213 262
214 263
215 264
216 265
217 266
218 267
219 268
220 269
221 270
222 271
223 272
224 273
225 274
226 275
227 276
228 277
229 278
230 279
231 280
232 281
233 282
1 2
1 2
2 51
1 2
1 2
1 2
1 2
1 2
2 51
3 52
4 53
5 54
6 55
7 56
8 57
9 58
10 59
11 60
12 61
13 62
14 63
15 64
16 65
17 66
18 67
19 68
20 69
21 70
22 71
23 72
24 73
25 74
26 75
27 76
28 77
29 78
30 79
31 80
32 81
33 82
34 83
35 84
36 85
37 86
38 87
39 88
40 89
41 90
42 91
43 92
44 93
45 94
46 95
47 96
48 97
49 98
50 99
51 100
52 101
53 102
54 103
55 104
56 105
57 106
58 107
59 108
60 109
61 110
62 111
63 112
64 113
65 114
66 115
67 116
68 117
69 118
70 119
71 120
72 121
73 122
74 123
75 124
76 125
77 126
78 127
79 128
80 129
81 130
82 131
83 132
84 133
85 134
86 135
87 136
88 137
89 138
90 139
91 140
92 141
93 142
94 143
95 144
96 145
97 146
98 147
99 148
100 149
101 150
102 151
103 152
104 153
105 154
106 155
107 156
108 157
109 158
110 159
111 160
112 161
113 162
114 163
115 164
116 165
117 166
118 167
119 168
120 169
121 170
122 171
123 172
124 173
125 174
126 175
127 176
128 177
129 178
130 179
131 180
132 181
133 182
134 183
135 184
136 185
137 186
138 187
139 188
140 189
141 190
142 191
143 192
144 193
145 194
146 195
147 196
148 197
149 198
150 199
151 200
152 201
153 202
154 203
155 204
156 205
157 206
158 207
159 208
160 209
161 210
162 211
163 212
164 213
165 214
166 215
167 216
168 217
169 218
170 219
171 220
172 221
173 222
174 223
175 224
176 225
177 226
178 227
179 228
180 229
181 230
182 231
183 232
184 233
185 234
186 235
187 236
188 237
189 238
190 239
191 240
192 241
193 242
194 243
195 244
196 245
197 246
198 247
199 248
200 249
201 250
202 251
203 252
204 253
205 254
206 255
207 256
208 257
209 258
210 259
211 260
212 261
213 262
214 263
215 264
216 265
217 266
218 267
219 268
220 269
221 270
222 271
223 272
224 273
225 274
226 275
227 276
228 277
229 278
230 279
231 280
232 281
233 282
234 283
235 284
236 285
237 286
238 287
239 288
240 289
241 290
242 291
243 292
244 293
245 294
246 295
247 296
248 297
249 298
250 299
251 300
252 301
253 302
254 303
255 304
256 305
257 306
258 307
259 308
260 309
261 310
262 311
263 312
264 313
265 314
266 315
267 316
268 317
269 318
270 319
271 320
272 321
273 322
274 323
275 324
276 325
277 326
278 327
279 328
1 2
2 51
3 71
4 86
5 92
6 96
7 96
8 91
9 96
10 95
11 96
12 96
13 96
14 96
15 96
1 2
1 2
1 2
1 2
2 31
3 32
4 33
5 34
6 35
7 36
8 37
9 38
10 39
11 40
12 41
13 42
14 43
15 44
16 45
17 46
18 47
19 48
20 49
21 50
22 51
23 52
24 53
25 54
26 55
27 56
28 57
29 58
30 59
31 60
32 61
33 62
34 63
35 64
36 65
37 66
38 67
39 68
40 69
41 70
42 71
43 72
44 73
45 74
46 75
47 76
48 77
49 78
50 79
51 80
52 81
53 82
54 83
55 84
56 85
57 86
58 87
59 88
60 89
61 90
62 91
63 92
64 93
65 94
66 95
67 96
68 97
69 98
70 99
71 100
72 101
73 102
74 103
75 104
76 105
77 106
78 107
79 108
80 109
81 110
82 111
83 112
84 113
85 114
86 115
87 116
88 117
89 118
90 119
91 120
92 121
93 122
94 123
95 124
96 125
97 126
98 127
99 128
100 129
101 130
102 131
103 132
104 133
105 134
106 135
107 136
108 137
109 138
110 139
111 140
112 141
113 142
114 143
115 144
116 145
117 146
118 147
119 148
120 149
121 150
122 151
123 152
124 153
125 154
126 155
127 156
128 157
129 158
130 159
131 160
132 161
133 162
134 163
135 164
136 165
137 166
138 167
139 168
140 169
141 170
142 171
143 172
144 173
145 174
146 175
147 176
148 177
149 178
150 179
151 180
152 181
153 182
154 183
155 184
156 185
157 186
158 187
159 188
160 189
161 190
162 191
163 192
164 193
165 194
166 195
167 196
168 197
169 198
170 199
171 200
172 201
173 202
174 203
175 204
176 205
177 206
178 207
179 208
180 209
181 210
182 211
183 212
184 213
185 214
186 215
187 216
188 217
189 218
190 219
191 220
192 221
193 222
194 223
195 224
196 225
197 226
198 227
199 228
200 229
201 230
202 231
203 232
204 233
205 234
206 235
207 236
208 237
209 238
210 239
211 240
212 241
213 242
214 243
215 244
216 245
217 246
218 247
219 248
220 249
221 250
222 251
223 252
224 253
225 254
226 255
227 256
228 257
229 258
230 259
231 260
232 261
233 262
234 263
235 264
236 265
237 266
238 267
239 268
240 269
241 270
242 271
243 272
244 273
245 274
246 275
247 276
248 277
249 278
250 279
251 280
252 281
253 282
254 283
255 284
256 285
257 286
258 287
259 288
260 289
261 290
262 291
263 292
264 293
265 294
266 295
267 296
268 297
269 298
270 299
271 300
272 301
273 302
274 303
275 304
276 305
277 306
278 307
279 308
280 309
281 310
282 311
283 312
284 313
285 314
286 315
287 316
288 317
289 318
290 319
291 320
292 321
293 322
294 323
1 2
2 28
3 29
1 2
1 2
1 2
1 2
2 51
3 96
